epoch cg_usage g2_ticks
1789610546 44051403023 38795
1789610547 44052118789 38797
1789610548 44053470540 38798
1789610549 44054799043 38800
1789610550 44055531884 38802
1789610551 44056041909 38803
1789610552 44056896021 38805
1789610553 44058264549 38806
1789610554 44058938390 38808
1789610555 44059466006 38809
1789610556 44060019707 38811
1789610557 44060637452 38812
1789610558 44061492173 38814
1789610559 44062867205 38816
1789610560 44063497662 38818
1789610561 44064295252 38819
1789610562 44065577483 38821
1789610563 44067483875 38823
1789610564 44069303824 38825
1789610565 44070862171 38827
1789610566 44072032769 38829
1789610567 44072847574 38830
1789610568 44073942356 38832
1789610569 44075552536 38833
1789610570 44076926695 38835
1789610571 44078065695 38836
1789610572 44079345894 38838
1789610573 44080595080 38840
1789610574 44081639717 38841
1789610575 44082475481 38843
1789610576 44083240670 38845
1789610577 44084215683 38847
1789610578 44085741444 38849
1789610579 44087312372 38850
1789610580 44088230057 38852
1789610581 44089149459 38853
1789610582 44090557100 38856
1789610583 44091670314 38858
1789610584 44092654999 38859
1789610585 44093263594 38861
1789610586 44093835051 38862
1789610587 44094533834 38864
1789610588 44095662141 38866
1789610589 44097183639 38868
1789610590 44098196347 38869
1789610591 44099076620 38871
1789610592 44100405524 38873
1789610593 44102089207 38875
1789610594 44103450533 38876
1789610595 44104764520 38878
1789610596 44106070264 38880
1789610597 44107556242 38882
1789610598 44109251688 38884
1789610599 44110517174 38886
1789610600 44111274216 38886
1789610601 44111831957 38888
1789610602 44112694047 38890
1789610603 44113648362 38891
1789610604 44114167454 38893
1789610605 44114549841 38894
1789610606 44114923831 38896
1789610607 44115300574 38897
1789610608 44116355969 38900
1789610609 44117557419 38901
1789610610 44118167920 38902
1789610611 44118555097 38904
1789610612 44119642904 38906
1789610613 44120750294 38908
1789610614 44121569479 38910
1789610615 44121999435 38911
1789610616 44122319146 38912
1789610617 44122969251 38914
1789610618 44124149565 38915
1789610619 44125430821 38917
1789610620 44126113109 38918
1789610621 44127185126 38920
1789610622 44128681768 38922
1789610623 44130680556 38924
1789610624 44132421614 38926
1789610625 44134066200 38928
1789610626 44135255406 38930
1789610627 44136595718 38931
1789610628 44138019890 38933
1789610629 44139883124 38935
1789610630 44141265718 38937
1789610631 44142193377 38939
1789610632 44143799247 38940
1789610633 44145113177 38942
1789610634 44146050931 38944
1789610635 44146820163 38945
1789610636 44147621723 38947
1789610637 44148592017 38948
1789610638 44150620278 38951
1789610639 44152355540 38952
1789610640 44153255780 38954
1789610641 44154334178 38956
1789610642 44155454274 38958
1789610643 44156470134 38959
1789610644 44157429403 38962
1789610645 44158443584 38963
1789610646 44159075563 38964
1789610647 44159588829 38965
1789610648 44160505509 38966
1789610649 44161976039 38968
1789610650 44163028933 38970
1789610651 44163563653 38971
1789610652 44164788819 38972
1789610653 44166160533 38975
1789610654 44167260530 38976
1789610655 44168436931 38977
1789610656 44169487389 38979
1789610657 44170401248 38980
1789610658 44171734674 38983
1789610659 44173203009 38984
1789610660 44173845086 38986
1789610661 44174300033 38987
1789610662 44175105284 38989
1789610663 44175915735 38991
1789610664 44176647820 38992
1789610665 44177355472 38993
1789610666 44177960685 38995
1789610667 44178608021 38997
1789610668 44179764888 38999
1789610669 44181282586 39000
1789610670 44181902197 39002
1789610671 44182423907 39004
1789610672 44183456920 39006
1789610673 44184475025 39007
1789610674 44184997756 39008
1789610675 44185464754 39010
1789610676 44186235894 39011
1789610677 44186930093 39012
1789610678 44188303042 39014
1789610679 44189421175 39016
1789610680 44190008869 39017
1789610681 44190970370 39018
1789610682 44192345873 39021
1789610683 44194104224 39022
1789610684 44195905234 39024
1789610685 44197415132 39025
1789610686 44198556941 39027
1789610687 44199484445 39028
1789610688 44200640080 39030
1789610689 44202298057 39032
1789610690 44203632821 39033
1789610691 44204577719 39034
1789610692 44205412459 39036
1789610693 44206165021 39037
1789610694 44206858346 39039
1789610695 44207556231 39040
1789610696 44208306486 39041
1789610697 44209172136 39043
1789610698 44210216685 39044
1789610699 44211465507 39045
1789610700 44212142228 39047
1789610701 44213679562 39050
1789610702 44215937129 39053
1789610703 44218045736 39055
1789610704 44220280512 39059
1789610705 44222469723 39061
1789610706 44224501642 39064
1789610707 44226305083 39066
1789610708 44228222630 39069
1789610709 44230080089 39071
1789610710 44231376518 39074
1789610711 44232977828 39077
1789610712 44235012769 39080
1789610713 44236840693 39082
1789610714 44238508289 39085
1789610715 44240096005 39088
1789610716 44241960693 39091
1789610717 44243108474 39093
1789610718 44244560767 39096
1789610719 44246667714 39098
1789610720 44247614725 39101
1789610721 44248173243 39104
1789610722 44249140082 39106
1789610723 44250306969 39109
1789610724 44250992890 39111
1789610725 44251501707 39114
1789610726 44252071981 39117
1789610727 44252604237 39120
1789610728 44253829349 39122
1789610729 44255561563 39125
1789610730 44256440190 39128
1789610731 44257157493 39130
1789610732 44258459231 39133
1789610733 44259823819 39136
1789610734 44260618809 39138
1789610735 44261277297 39141
1789610736 44261955456 39144
1789610737 44262665703 39145
1789610738 44264028402 39148
1789610739 44265636576 39151
1789610740 44266649696 39154
1789610741 44267850197 39155
1789610742 44269363683 39156
1789610743 44271074086 39158
1789610744 44273185488 39160
1789610745 44274802669 39162
1789610746 44276061568 39163
1789610747 44277246078 39165
1789610748 44278700539 39166
1789610749 44280272844 39168
1789610750 44281293229 39169
1789610751 44282341568 39171
1789610752 44283454795 39172
1789610753 44284403889 39173
1789610754 44285131211 39175
1789610755 44285747443 39177
1789610756 44286434889 39178
1789610757 44287319338 39179
1789610758 44288406677 39181
1789610759 44289686840 39182
1789610760 44290406722 39184
1789610761 44291206800 39185
1789610762 44292052233 39187
1789610763 44292746376 39188
1789610764 44293278801 39190
1789610765 44293672582 39191
1789610766 44294034104 39192
1789610767 44294487473 39194
1789610768 44295504101 39195
1789610769 44296703088 39196
1789610770 44297310298 39198
1789610771 44298128265 39200
1789610772 44299495380 39201
1789610773 44300883546 39203
1789610774 44301801642 39204
1789610775 44302766524 39206
1789610776 44303888938 39206
1789610777 44304757074 39208
1789610778 44305911721 39209
1789610779 44307179956 39211
1789610780 44307803750 39213
1789610781 44308214114 39214
1789610782 44309238966 39215
1789610783 44310311752 39217
1789610784 44310962987 39218
1789610785 44311635410 39220
1789610786 44312254114 39221
1789610787 44312951645 39223
1789610788 44313977221 39224
1789610789 44315054788 39225
1789610790 44315525941 39227
1789610791 44315922523 39228
1789610792 44316880957 39229
1789610793 44317865097 39231
1789610794 44318411394 39232
1789610795 44318761022 39234
1789610796 44319113255 39235
1789610797 44319505913 39236
1789610798 44320441860 39238
1789610799 44321592405 39239
1789610800 44322197772 39241
1789610801 44322908676 39242
1789610802 44324053456 39243
1789610803 44325629303 39245
1789610804 44327274545 39247
1789610805 44328998981 39248
1789610806 44330428307 39250
1789610807 44331379557 39251
1789610808 44332612794 39253
1789610809 44334190818 39254
1789610810 44335411793 39256
1789610811 44336558411 39257
1789610812 44337806121 39258
1789610813 44339104926 39259
1789610814 44340132051 39261
1789610815 44340972673 39262
1789610816 44341938576 39265
1789610817 44343012875 39266
1789610818 44344185756 39268
1789610819 44345463286 39268
1789610820 44346310396 39270
1789610821 44347511763 39272
1789610822 44349236055 39274
1789610823 44350762984 39275
1789610824 44352669192 39276
1789610825 44354609151 39278
1789610826 44356611379 39279
1789610827 44358513236 39281
1789610828 44360361139 39283
1789610829 44362591211 39284
1789610830 44364546179 39286
1789610831 44366905224 39287
1789610832 44369304783 39290
1789610833 44371646702 39291
1789610834 44374043126 39293
1789610835 44376663603 39294
1789610836 44378630080 39296
1789610837 44380647193 39298
1789610838 44382498676 39300
1789610839 44383998369 39301
1789610840 44385098483 39302
1789610841 44386782345 39304
1789610842 44387854921 39305
1789610843 44388682414 39307
1789610844 44389221248 39309
1789610845 44389576851 39310
1789610846 44389940092 39311
1789610847 44390330283 39312
1789610848 44391288278 39314
1789610849 44392685259 39315
1789610850 44393551371 39317
1789610851 44394067183 39318
1789610852 44395193346 39320
1789610853 44396321568 39321
1789610854 44396931923 39322
1789610855 44397534436 39324
1789610856 44398006531 39325
1789610857 44398444658 39327
1789610858 44399341829 39329
1789610859 44400443235 39330
1789610860 44401154381 39332
1789610861 44402261682 39333
1789610862 44403861530 39335
1789610863 44405618316 39336
1789610864 44407442606 39338
1789610865 44409149598 39340
1789610866 44410367887 39341
1789610867 44411129183 39343
1789610868 44412499598 39344
1789610869 44414243371 39346
1789610870 44415549736 39347
1789610871 44416679299 39349
1789610872 44417677385 39350
1789610873 44418418236 39351
1789610874 44419129039 39353
1789610875 44419804690 39354
1789610876 44420427761 39356
1789610877 44421042912 39358
1789610878 44422090159 39359
1789610879 44423315356 39360
1789610880 44424194167 39362
1789610881 44425602325 39364
1789610882 44427301567 39365
1789610883 44429002285 39367
1789610884 44430964093 39369
1789610885 44433132572 39370
1789610886 44435320074 39372
1789610887 44437285890 39373
1789610888 44439008103 39374
1789610889 44441210105 39376
1789610890 44442768453 39377
1789610891 44444443301 39378
1789610892 44446619790 39381
1789610893 44448767299 39382
1789610894 44450286900 39383
1789610895 44451579149 39385
1789610896 44452499802 39387

=== EXT2 FREEZE-HEAL TIMELINE (2026-09-16 -> 17, sophon local = UTC-3) ===
19:32Z (16:32 local): audio freeze onset, SILENT (no WRN, video alive, producer 26 kept)
16:32-23:00 local: 6h28m frozen, ZERO .102 WRNs in window
23:00:06 local: WRN read tcp -> .102 i/o timeout (first in 6.5h)
23:00:31 local: WRN read tcp -> .102 i/o timeout (second)
23:00:42 local: watchdog.exterior_2 "No frames received" -> Restarting ffmpeg
23:00:42Z+2s: producer 26 -> 6107 (new producer)
02:00:42Z+ (h02 recordings): audio PRESENT (00.00.mp4 = video+audio; 00.42.mp4 video-only partial; 00.47.mp4 video+audio)
h01 segcensus: ext2 225/225 dead (frozen through 01:59Z)
h02 recordings: audio back from 02:00:42Z

=== WRN CADENCE 24h (healer cadence) ===
ext2 (.102): 2    ext1 (.101): 12    int1 (.201): 120    ext5 (.105): 147    ext3 (.103): 282
(ext4 .104 power-dead: ~86k dial-timeout WRNs excluded)

=== GO2RTC CPU AT DIAL SECONDS (c373 falsifier run) ===
343 samples, 1s resolution, frigate container cgroup usage_usec + go2rtc pid ticks
DIAL seconds (sec mod 60 in {1,11,21,31,41,51}): n=8 mean=783ms max=1139
NON-DIAL: n=76 mean=1100ms max=1999
VERDICT: NO CPU spike at dial seconds. Dial loop is CPU-cheap. Contention-by-CPU hypothesis
has no support; amendment 4 alignment evidence was already vacuous (10s dial cadence covers all).
1789607124 2026-09-17/00 225 225
1789608793 2026-09-17/00 225 225
1789610700 2026-09-17/01 225 225
1789608793 2026-09-17/00 exterior_1 5334 audio-yes
1789608793 2026-09-17/00 exterior_2 26 audio-yes
1789608793 2026-09-17/00 exterior_3 4577 audio-yes
1789608793 2026-09-17/00 exterior_4 - audio-NO
1789608793 2026-09-17/00 exterior_5 5606 audio-yes
1789608793 2026-09-17/00 interior_1 5725 audio-yes
1789608793 2026-09-17/00 interior_2 5715 audio-yes
1789608793 2026-09-17/00 interior_3 4607 audio-yes
1789610700 2026-09-17/01 exterior_1 6085 audio-yes
1789610700 2026-09-17/01 exterior_2 6107 audio-yes
1789610700 2026-09-17/01 exterior_3 4577 audio-yes
1789610700 2026-09-17/01 exterior_4 - audio-NO
1789610700 2026-09-17/01 exterior_5 6070 audio-yes
1789610700 2026-09-17/01 interior_1 6129 audio-yes
1789610700 2026-09-17/01 interior_2 6069 audio-yes
1789610700 2026-09-17/01 interior_3 6075 audio-yes
